$ 1 0.000005 10.20027730826997 33 5 43 5e-11
f 560 224 608 224 32 1.5 0.02
f 560 416 608 416 40 1.5 0.02
r 544 224 496 224 0 10
r 544 416 496 416 0 10
w 480 320 480 416 0
w 480 224 496 224 0
w 480 416 496 416 0
v 368 384 368 320 0 0 20 15 0 0 0.5
w 368 320 480 320 0
w 480 320 480 224 0
w 608 240 608 256 0
w 608 432 608 448 0
207 640 320 640 352 4 GNDPWR
r 608 208 608 128 0 10
v 736 272 736 128 0 1 60 120 0 0 0.5
207 736 272 736 304 4 earth
w 608 128 736 128 0
207 368 384 368 432 4 GNDPWR
w 608 400 608 320 0
w 640 320 608 320 0
w 608 320 608 288 0
207 608 496 608 528 4 earth
p 544 240 544 288 3 0 0
p 544 432 544 480 3 0 0
w 544 432 544 416 0
w 608 496 608 480 0
w 560 480 608 480 0
w 608 480 608 448 0
w 544 224 560 224 0
w 544 288 608 288 0
w 608 288 608 256 0
w 560 416 544 416 0
w 544 480 560 480 0
w 544 240 544 224 0
d 624 240 624 208 2 default
w 608 208 624 208 0
w 608 240 624 240 0
o 0 64 7 4099 160 3.2 0 1 320
