$ 1 0.000005 4.43302224444953 62 5 43 5e-11
d 304 224 368 224 2 default
d 368 256 304 256 2 default
r 368 256 432 256 0 25000
c 496 224 496 272 0 0.000009999999999999999 1.0708192716027114 0.001
w 464 224 496 224 0
172 512 192 512 144 0 7 1.05 5 0 0 0.5 Voltage
w 496 224 544 224 0
w 544 192 528 192 0
w 528 192 512 192 0
a 544 208 640 208 8 3.3 0 1000000 1.05 1.0708192716027114 100000
r 368 224 432 224 0 100000
f 544 512 608 512 32 1 0.02
f 544 640 608 640 40 1 0.02
w 608 528 608 576 0
w 608 624 608 576 0
150 448 576 512 576 0 2 0 3.3
w 544 512 544 576 0
w 512 576 544 576 0
w 544 576 544 640 0
r 608 496 608 400 0 1
v 768 656 768 432 0 0 60 120 0 0 0.5
w 608 656 768 656 0
207 640 208 672 208 4 fault
I 384 560 448 560 0 0.5 5
207 384 560 352 560 4 fault
v 432 656 432 592 0 0 120 3.3 0 0 0.2
w 448 592 432 592 0
g 432 656 432 672 0 0
207 64 192 32 192 4 Vsense
w 768 400 608 400 0
w 768 432 768 400 0
g 640 576 640 592 0 0
w 640 576 608 576 0
g 496 272 496 304 0 0
w 64 192 64 224 0
w 464 256 464 224 0
w 464 224 432 224 0
w 432 256 464 256 0
R 64 192 64 160 0 1 10 3.3 1.65 0 0.5
c 240 224 240 288 0 0.00001 0.1367773159169752 0.001
r 176 224 176 288 0 1000
w 176 288 208 288 0
w 208 288 240 288 0
g 208 288 208 320 0 0
w 240 224 304 224 0
w 240 224 176 224 0
d 64 224 176 224 2 default
w 304 256 304 224 0
o 6 64 0 4099 2.5 0.00009765625 0 2 6 3
