$ 1 0.000005 10.20027730826997 50 5 43 5e-11
153 256 112 368 112 0 2 5 5
153 256 240 368 240 0 2 0 5
w 256 128 256 160 0
w 256 160 368 160 0
w 368 240 368 160 0
w 368 112 384 112 0
w 384 112 384 192 0
w 384 192 256 192 0
w 256 192 256 224 0
207 256 96 208 96 4 reset
207 256 256 208 256 4 set
207 672 208 720 208 4 fault
150 512 224 592 224 0 2 0 5
L 256 96 256 48 0 0 false 5 0
L 256 256 256 304 0 1 false 5 0
152 592 208 672 208 0 2 5 5
w 384 112 592 112 0
w 592 112 592 192 0
207 512 208 464 208 4 reset
207 512 240 464 240 4 set
o 11 64 0 4099 5 0.00009765625 0 2 11 3
